tensor([[5.3814e+00, 4.1758e-01, 7.1587e-02, 0.0000e+00, 1.5013e-03],
        [4.8072e+00, 9.8740e-01, 0.0000e+00, 6.5565e-06, 0.0000e+00],
        [6.0981e+00, 7.7056e-01, 0.0000e+00, 6.3309e-01, 0.0000e+00],
        [5.7925e+00, 0.0000e+00, 0.0000e+00, 2.6790e-01, 2.7903e-03],
        [8.3047e-01, 5.4698e+00, 0.0000e+00, 8.7928e-03, 4.3229e-02],
        [0.0000e+00, 5.9605e+00, 0.0000e+00, 0.0000e+00, 1.1420e+00],
        [1.7088e+00, 6.5397e+00, 0.0000e+00, 4.2288e-01, 1.8062e-01],
        [1.0899e+00, 4.9626e+00, 5.0119e-03, 0.0000e+00, 0.0000e+00],
        [5.0117e-01, 6.1266e-01, 6.3894e+00, 8.1163e-01, 5.1456e-02],
        [1.3350e+00, 2.9627e-01, 6.5773e+00, 4.7771e-01, 3.6003e-01],
        [7.8230e-01, 1.1748e-02, 6.4178e+00, 2.5732e-01, 0.0000e+00],
        [8.9609e-01, 2.6780e-01, 6.0805e+00, 5.3581e-01, 2.9280e-03],
        [0.0000e+00, 5.0734e-01, 5.4840e+00, 0.0000e+00, 0.0000e+00],
        [1.7968e-01, 0.0000e+00, 0.0000e+00, 6.2474e+00, 2.0678e-01],
        [0.0000e+00, 2.2923e-01, 0.0000e+00, 5.6586e+00, 1.1648e-01],
        [0.0000e+00, 0.0000e+00, 0.0000e+00, 5.3969e+00, 8.9979e-02],
        [0.0000e+00, 0.0000e+00, 9.1462e-01, 6.0609e+00, 2.0697e-01],
        [0.0000e+00, 1.1663e-01, 0.0000e+00, 5.1886e+00, 8.8375e-03],
        [0.0000e+00, 2.1082e-01, 4.7618e-03, 0.0000e+00, 5.4911e+00],
        [1.4001e-02, 0.0000e+00, 2.5949e-03, 0.0000e+00, 5.4580e+00],
        [0.0000e+00, 0.0000e+00, 0.0000e+00, 5.2850e-03, 5.4276e+00],
        [1.5153e-01, 0.0000e+00, 4.8804e-04, 0.0000e+00, 5.5180e+00]],
       grad_fn=<ReluBackward0>)
tensor([[2.8950, 3.1712, 0.3999, 1.0936, 0.0000],
        [3.2423, 3.3160, 0.2407, 0.9329, 0.0000],
        [1.6439, 0.0000, 5.0792, 0.5656, 0.3595],
        [0.2425, 0.0000, 0.0702, 5.3671, 0.0000],
        [0.0000, 0.0000, 0.3065, 5.1909, 0.2905],
        [0.0000, 0.1276, 1.7310, 0.2761, 3.7388]], grad_fn=<ReluBackward0>)